x_div : 4, y_div : 4, x_offset : 0, y_offset : 0
iter_time_consume : 5.07812s
-1 0 0 0 0 0 0 0 0 0 0 0 0 0 0 0 0 0 0 0 0 -1 -1 -1 -1 -1 -1 -1 -1 -1 -1 -1 -1 -1 -1 -1 -1 -1 -1 -1 -1 -1 -1 -1 -1 -1 -1 -1 -1 -1 -1 -1 -1 -1 0 0 0 0 0 -1 0 0 0 0 0 0 0 0 0 0 0 0 0 0 0 0 0 0 0 0 0 0 
-1 0 0 0 0 0 0 0 0 0 0 0 0 0 0 0 0 0 0 0 0 -1 -1 -1 -1 -1 -1 -1 -1 -1 -1 -1 -1 -1 -1 -1 -1 -1 -1 -1 -1 -1 -1 -1 -1 -1 -1 -1 -1 -1 -1 -1 -1 -1 0 0 0 0 0 -1 0 0 0 0 0 0 0 0 0 0 0 0 0 0 0 0 0 0 0 0 0 0 
-1 0 0 0 0 0 0 0 0 0 0 0 0 0 0 0 0 0 0 1 1 -1 -1 -1 -1 -1 -1 -1 -1 -1 -1 -1 -1 -1 -1 -1 -1 -1 -1 -1 -1 -1 -1 -1 -1 -1 -1 -1 -1 -1 -1 -1 -1 -1 0 0 0 0 0 -1 0 0 0 0 0 0 0 0 0 0 0 0 0 0 0 0 0 0 0 0 0 0 
-1 0 0 0 0 0 0 0 0 0 0 0 0 0 0 0 0 0 0 0 0 -1 -1 -1 -1 -1 -1 -1 -1 -1 -1 -1 -1 -1 -1 -1 -1 -1 -1 -1 -1 -1 -1 -1 -1 -1 -1 -1 -1 -1 -1 -1 -1 -1 0 0 0 0 0 -1 0 0 0 0 0 0 0 0 0 0 0 0 0 0 0 0 0 0 0 0 0 0 
-1 0 1 0 0 0 0 0 0 0 0 0 0 0 0 0 0 0 0 1 1 -1 -1 -1 -1 -1 -1 -1 -1 -1 -1 -1 -1 -1 -1 -1 -1 -1 -1 -1 -1 -1 -1 -1 -1 -1 -1 -1 -1 -1 -1 -1 -1 -1 0 0 0 0 0 -1 0 0 0 0 0 0 0 0 0 0 0 0 0 0 0 0 0 0 0 0 0 0 
-1 0 0 0 0 0 0 0 0 0 0 0 0 0 0 0 0 0 0 0 0 -1 -1 -1 -1 -1 -1 -1 -1 -1 -1 -1 -1 -1 -1 -1 -1 -1 -1 -1 -1 -1 -1 -1 -1 -1 -1 -1 -1 -1 -1 -1 -1 -1 0 0 0 0 0 -1 0 0 0 0 0 0 0 0 0 0 0 0 0 0 0 0 0 0 0 0 0 0 
-1 1 1 0 0 0 0 0 0 0 0 0 0 0 0 0 0 0 0 1 1 -1 -1 -1 -1 -1 -1 -1 -1 -1 -1 -1 -1 -1 -1 -1 -1 -1 -1 -1 -1 -1 -1 -1 -1 -1 -1 -1 -1 -1 -1 -1 -1 -1 0 0 0 0 0 -1 0 0 0 0 0 0 0 0 0 0 0 0 0 0 0 0 0 0 0 0 0 0 
-1 1 0 0 0 0 4 0 0 0 0 0 0 0 0 0 0 0 0 0 7 -1 -1 -1 -1 -1 -1 -1 -1 -1 -1 -1 -1 -1 -1 -1 -1 -1 -1 -1 -1 -1 -1 -1 -1 -1 -1 -1 -1 -1 -1 -1 -1 -1 0 0 0 0 0 -1 0 0 0 0 0 0 0 0 0 0 0 0 0 0 0 0 0 0 0 0 0 0 
-1 0 0 0 0 0 1 0 0 0 0 0 0 0 0 0 0 0 0 0 0 -1 -1 -1 -1 -1 -1 -1 -1 -1 -1 -1 -1 -1 -1 -1 -1 -1 -1 -1 -1 -1 -1 -1 -1 -1 -1 -1 -1 -1 -1 -1 -1 -1 0 0 0 0 0 -1 0 0 0 0 0 0 0 0 0 0 0 0 0 0 0 0 0 0 0 0 0 0 
-1 0 0 0 1 1 0 0 0 0 0 0 0 0 0 0 0 0 0 0 8 -1 1 0 0 0 0 0 0 0 0 0 0 0 0 0 0 0 0 0 0 0 0 0 0 0 0 0 0 0 0 0 0 0 0 0 0 0 0 -1 0 0 0 0 0 0 0 0 0 0 0 0 0 0 0 0 0 0 0 0 0 0 
-1 0 0 0 0 0 2 0 0 0 0 0 0 0 0 0 0 0 0 0 0 -1 0 0 0 0 0 0 0 0 0 0 0 0 0 0 0 0 0 0 0 0 0 0 0 0 0 0 0 0 0 0 0 0 0 0 0 0 0 -1 0 0 0 0 0 0 0 0 0 0 0 0 0 0 0 0 0 0 0 0 0 0 
-1 0 0 0 0 1 3 0 0 0 0 0 0 0 0 0 0 0 0 0 2 -1 0 1 0 0 0 0 0 0 0 0 0 0 1 1 0 0 0 0 0 0 0 0 0 0 0 0 0 0 0 0 0 0 0 0 0 0 2 -1 0 0 0 0 0 0 0 0 0 0 0 0 0 0 0 0 0 0 0 0 0 0 
-1 1 0 0 0 0 6 1 0 0 0 0 0 0 0 0 0 0 0 0 6 -1 0 0 0 0 0 0 0 0 0 1 0 0 0 3 0 1 0 0 0 0 0 1 8 0 0 0 0 0 0 0 0 0 0 0 0 0 3 -1 0 0 0 0 0 0 0 0 0 0 0 0 0 0 0 0 0 0 0 0 0 0 
-1 0 0 0 1 1 1 0 0 0 0 0 0 0 0 0 0 0 0 0 7 -1 0 0 0 0 0 1 0 0 0 0 0 0 0 0 1 0 0 0 0 0 0 0 0 0 0 0 0 0 0 0 0 0 0 0 0 0 2 -1 0 0 0 0 0 0 0 0 0 0 0 0 0 0 0 0 0 0 0 0 0 0 
-1 0 0 0 0 0 2 0 1 0 0 0 0 0 0 0 0 0 0 0 2 -1 0 0 0 0 0 0 0 0 0 0 1 0 0 1 1 0 0 0 1 0 0 0 5 0 0 0 0 0 0 0 0 0 0 0 0 0 1 -1 0 0 0 0 0 0 0 0 0 0 0 0 0 0 0 0 0 0 0 0 0 0 
-1 -1 -1 -1 -1 -1 -1 -1 -1 -1 -1 -1 -1 -1 -1 -1 -1 -1 -1 -1 -1 -1 -1 -1 -1 -1 -1 -1 -1 -1 -1 -1 -1 -1 -1 -1 -1 -1 -1 -1 -1 -1 -1 -1 -1 -1 -1 -1 -1 -1 -1 -1 -1 -1 -1 -1 -1 -1 -1 -1 -1 -1 -1 -1 -1 -1 -1 -1 -1 -1 -1 -1 -1 -1 -1 -1 -1 -1 -1 -1 -1 -1 
-1 0 0 0 0 1 2 0 0 0 0 0 0 0 0 0 0 0 0 1 0 -1 0 0 0 0 0 0 0 0 0 -1 -1 -1 -1 -1 0 0 0 0 0 0 0 0 0 0 0 0 0 0 0 0 0 0 0 0 0 0 0 -1 0 0 0 0 0 0 0 0 0 0 0 0 0 0 0 0 0 0 0 0 0 0 
-1 1 1 0 0 0 0 0 0 0 0 0 0 0 0 0 0 0 0 1 2 -1 0 0 0 0 0 0 0 0 0 -1 -1 -1 -1 -1 0 0 0 0 0 0 0 0 4 0 0 0 0 0 0 0 0 0 0 0 0 0 4 -1 0 0 0 0 0 0 0 0 0 0 0 0 0 0 0 0 0 0 0 0 0 0 
-1 1 0 0 0 0 5 0 0 0 0 0 0 0 0 0 0 0 0 0 7 -1 0 0 0 0 0 0 0 0 0 -1 -1 -1 -1 -1 0 0 0 0 0 0 0 1 4 0 0 0 0 0 0 0 0 0 0 0 0 1 7 -1 1 0 0 0 0 0 0 0 0 0 0 0 0 0 0 0 0 0 0 0 0 0 
-1 0 0 0 0 0 3 0 2 0 0 0 0 0 0 0 0 0 0 0 4 -1 0 0 0 0 0 0 0 0 0 -1 -1 -1 -1 -1 0 0 0 0 1 0 0 0 3 0 0 0 0 0 0 0 0 0 0 0 0 0 0 -1 0 0 0 0 0 0 0 0 0 0 0 0 0 0 0 0 0 0 0 0 0 0 
-1 0 0 0 0 1 2 0 0 0 0 0 0 0 0 0 0 0 0 1 1 -1 0 1 0 0 0 0 0 0 0 -1 -1 -1 -1 -1 0 0 0 0 2 0 0 0 4 0 0 0 0 0 0 0 0 0 0 0 0 0 4 -1 0 0 0 0 0 0 0 0 0 0 0 0 0 0 0 0 0 0 0 0 0 0 
-1 0 0 0 0 0 0 0 0 0 0 0 0 0 0 0 0 0 0 1 1 -1 0 0 0 0 0 0 0 0 0 -1 -1 -1 -1 -1 0 0 0 0 0 0 0 0 1 0 0 0 0 0 0 0 0 0 0 0 0 0 0 -1 0 0 0 0 0 0 0 0 0 0 0 0 0 0 0 0 0 0 0 0 0 0 
-1 0 0 0 1 1 0 0 0 0 0 0 0 0 0 0 0 0 0 0 3 -1 3 0 0 0 0 0 0 0 0 -1 -1 -1 -1 -1 0 0 0 0 0 0 0 2 0 0 0 0 0 0 0 0 0 0 0 0 0 0 1 -1 1 0 0 0 0 0 0 0 0 0 0 0 0 0 0 0 0 0 0 0 0 0 
-1 0 0 0 0 0 5 0 2 0 1 0 0 7 0 0 0 0 0 3 13 -1 14 1 1 1 0 0 3 13 0 -1 -1 -1 -1 -1 0 7 1 0 0 1 0 0 3 0 0 0 0 0 0 0 0 0 0 0 0 0 7 -1 0 0 0 0 0 0 0 0 0 0 0 0 0 0 0 0 0 0 0 0 0 0 
-1 0 0 1 0 0 1 0 0 0 0 0 0 3 0 0 1 0 0 3 1 -1 1 1 0 0 0 1 0 1 0 -1 -1 -1 -1 -1 0 1 1 0 0 0 0 0 1 0 0 0 0 0 0 0 0 0 0 0 0 0 0 -1 0 0 0 0 0 0 0 0 0 0 0 0 0 0 0 0 0 0 0 0 0 0 
-1 0 0 0 0 0 1 0 0 0 0 0 0 5 0 0 0 0 0 2 5 -1 1 2 0 0 0 2 0 0 0 -1 -1 -1 -1 -1 0 0 0 0 2 0 0 0 9 0 0 0 0 0 2 0 0 0 1 0 0 0 3 -1 0 0 0 0 0 0 0 0 0 0 0 0 0 0 0 0 0 0 0 0 0 0 
-1 0 0 0 1 2 2 0 0 0 0 0 0 0 0 0 0 0 2 0 2 -1 2 1 0 0 0 0 0 0 0 -1 -1 -1 -1 -1 0 0 0 0 0 0 0 2 0 0 0 0 0 0 0 0 0 0 0 0 0 0 0 -1 0 0 0 0 0 0 0 0 0 0 0 0 0 0 0 0 0 0 0 0 0 0 
-1 0 0 0 0 2 2 0 0 0 0 0 0 2 0 0 0 0 0 1 8 -1 12 2 0 1 0 1 3 6 0 -1 -1 -1 -1 -1 0 1 0 0 2 1 0 1 0 0 0 0 0 0 0 0 0 0 0 0 0 0 2 -1 0 0 0 0 0 0 0 0 0 0 0 0 0 0 0 0 0 0 0 0 0 0 
-1 0 0 1 0 0 7 0 0 0 0 0 0 3 3 0 0 0 1 8 11 -1 19 11 4 0 2 4 3 5 1 -1 -1 -1 -1 -1 0 2 2 1 0 0 1 0 5 0 1 0 0 0 1 0 0 0 1 2 0 0 4 -1 0 0 0 0 0 0 0 0 0 0 0 0 0 0 0 0 0 0 0 0 0 0 
-1 0 0 0 0 0 1 0 0 0 0 0 0 3 0 0 0 0 0 16 5 -1 20 1 0 0 0 0 0 0 0 -1 -1 -1 -1 -1 0 0 1 0 0 0 0 0 5 0 0 0 0 0 1 0 0 0 1 0 0 0 3 -1 0 0 0 0 0 0 0 0 0 0 0 0 0 0 0 0 0 0 0 0 0 0 
-1 0 0 0 0 2 2 0 1 0 1 0 0 5 0 0 0 0 2 6 2 -1 13 0 0 0 0 0 0 0 0 -1 -1 -1 -1 -1 0 0 0 0 2 0 0 2 11 0 0 0 0 0 0 0 0 0 1 0 0 1 4 -1 0 0 0 0 0 0 0 0 0 0 0 0 0 0 0 0 0 0 0 0 0 0 
-1 0 0 0 0 3 0 0 0 0 0 0 0 0 0 0 0 0 0 0 0 -1 0 0 0 0 0 0 0 0 0 -1 -1 -1 -1 -1 0 0 0 0 0 0 0 0 0 0 0 0 0 0 0 0 0 0 0 0 0 0 0 -1 0 0 0 0 0 0 0 0 0 0 0 0 0 0 0 0 0 0 0 0 0 0 
-1 0 0 0 0 0 3 0 0 0 0 0 0 1 0 0 0 0 0 1 0 -1 0 1 0 0 0 0 0 0 0 -1 -1 -1 -1 -1 0 0 0 0 0 0 0 0 1 0 0 0 0 0 0 0 1 0 0 2 1 0 4 -1 0 0 0 0 0 0 0 0 0 0 0 0 0 0 0 0 0 0 0 0 0 0 
-1 0 0 0 0 0 9 0 0 0 0 0 0 2 0 0 0 0 0 2 14 -1 1 2 0 0 0 0 0 0 0 -1 -1 -1 -1 -1 0 0 0 0 0 0 0 0 8 0 1 0 0 2 5 1 0 1 5 2 0 5 13 -1 0 0 0 0 0 0 0 0 0 0 0 0 0 0 0 0 0 0 0 0 0 0 
-1 0 0 0 1 4 0 0 0 0 1 0 0 0 0 0 0 0 0 1 1 -1 1 0 0 0 0 0 0 0 0 -1 -1 -1 -1 -1 0 0 0 0 0 0 0 1 4 0 0 0 0 0 0 0 0 0 1 0 0 0 1 -1 0 0 0 0 0 0 0 0 0 0 0 0 0 0 0 0 0 0 0 0 0 0 
-1 0 0 0 0 1 1 0 0 0 1 6 11 2 4 0 0 0 0 0 3 -1 1 0 0 2 0 0 0 1 0 -1 -1 -1 -1 -1 0 0 1 0 0 0 0 1 2 0 0 0 0 0 0 0 0 0 2 0 0 0 2 -1 1 0 0 0 0 0 0 0 0 0 0 0 0 0 0 0 0 0 0 0 0 0 
-1 0 0 0 0 3 0 0 0 0 6 21 19 5 10 0 0 0 0 7 0 -1 1 0 0 0 0 0 0 0 0 -1 -1 -1 -1 -1 0 0 0 0 0 0 0 0 3 0 0 0 0 0 0 0 0 0 0 0 0 0 0 -1 1 0 0 0 0 0 0 0 0 0 0 0 0 0 0 0 0 0 0 0 0 0 
-1 0 0 0 2 2 3 0 1 0 4 15 14 1 6 0 0 0 0 4 8 -1 6 1 0 3 0 0 0 0 0 -1 -1 -1 -1 -1 0 0 0 0 0 0 0 0 9 0 0 0 0 0 0 0 0 0 0 0 0 0 1 -1 3 0 0 0 0 0 0 0 0 0 0 0 0 0 0 0 0 0 0 0 0 0 
-1 0 0 0 13 15 6 2 0 0 10 15 19 7 11 2 0 0 0 6 5 -1 8 0 0 0 0 0 0 1 0 -1 -1 -1 -1 -1 0 0 0 0 0 0 0 3 6 0 0 0 0 0 0 0 0 0 0 0 0 0 1 -1 5 0 0 0 0 0 0 0 0 0 0 0 0 0 0 0 0 0 0 0 0 0 
-1 0 2 7 8 11 3 2 2 0 4 12 22 1 3 0 0 0 0 10 0 -1 8 1 0 0 0 0 0 0 0 -1 -1 -1 -1 -1 0 0 0 0 0 0 0 0 1 0 0 0 0 0 0 0 0 0 0 0 0 0 0 -1 5 2 0 0 0 0 0 0 0 0 0 0 0 0 0 0 0 0 0 0 0 0 
-1 2 1 8 21 19 3 1 0 3 2 1 3 4 1 0 0 0 7 11 6 -1 10 10 0 2 0 7 1 0 0 -1 -1 -1 -1 -1 0 0 0 0 2 0 0 0 8 0 0 0 0 0 0 0 0 0 0 0 0 0 0 -1 2 0 0 0 0 0 0 0 0 0 0 0 0 0 0 0 0 0 0 0 0 0 
-1 14 4 11 10 12 3 2 0 2 2 0 0 1 4 1 0 1 2 10 2 -1 5 1 0 1 0 1 2 0 0 -1 -1 -1 -1 -1 0 0 0 0 0 0 0 0 3 0 0 0 0 0 0 0 0 0 0 0 0 0 0 -1 0 0 0 0 0 0 0 0 0 0 0 0 0 0 0 0 0 0 0 0 0 0 
-1 9 3 23 18 26 5 7 2 11 1 0 2 2 0 0 1 1 0 0 7 -1 3 3 0 20 3 13 4 4 1 -1 -1 -1 -1 -1 0 0 0 1 0 0 0 2 8 0 0 0 0 0 0 0 0 0 0 0 0 0 0 -1 0 0 0 0 0 0 0 0 0 0 0 0 0 0 0 0 0 0 0 0 0 0 
-1 9 14 15 33 26 10 8 20 21 9 2 6 5 1 0 0 0 2 0 8 -1 1 2 3 21 3 19 16 5 1 -1 -1 -1 -1 -1 0 0 0 0 0 0 0 0 0 0 0 0 0 0 0 0 0 0 0 0 0 0 6 -1 0 0 0 0 0 0 0 0 0 0 0 0 0 0 0 0 0 0 0 0 0 0 
-1 0 15 14 12 17 1 3 4 15 14 7 1 5 0 0 0 0 2 6 1 -1 0 4 19 12 0 19 16 16 0 -1 -1 -1 -1 -1 0 2 0 0 0 0 0 0 5 0 0 0 0 0 0 0 0 0 0 0 0 0 3 -1 0 0 0 0 0 0 0 0 0 0 0 0 0 0 0 0 0 0 0 0 0 0 
-1 1 13 28 25 14 6 9 15 5 2 9 18 0 0 0 0 0 1 10 7 -1 1 2 7 9 5 26 23 12 0 -1 -1 -1 -1 -1 0 8 0 0 0 0 0 0 2 0 0 0 0 0 0 0 0 0 1 0 1 0 3 -1 0 0 0 0 0 0 0 0 0 0 0 0 0 0 0 0 0 0 0 0 0 0 
-1 -1 -1 -1 -1 -1 -1 -1 -1 -1 -1 -1 -1 -1 -1 -1 -1 -1 -1 -1 -1 -1 -1 -1 -1 -1 -1 -1 -1 -1 -1 -1 -1 -1 -1 -1 -1 -1 -1 -1 -1 -1 -1 -1 -1 -1 -1 -1 -1 -1 -1 -1 -1 -1 -1 -1 -1 -1 -1 -1 -1 -1 -1 -1 -1 -1 -1 -1 -1 -1 -1 -1 -1 -1 -1 -1 -1 -1 -1 -1 -1 -1 
-1 8 11 20 23 15 7 10 16 13 12 25 18 1 1 0 3 1 1 16 3 -1 8 1 13 22 3 27 31 21 8 25 14 18 7 1 7 12 0 0 2 3 20 7 5 5 5 12 15 0 0 0 1 0 0 0 1 1 0 -1 0 0 0 0 0 0 0 0 0 0 0 0 0 0 0 0 0 0 0 0 0 0 
-1 8 23 15 26 9 3 17 19 21 20 10 13 6 9 25 15 19 8 1 5 -1 14 13 5 21 2 26 10 23 19 29 28 30 20 3 20 20 4 2 8 13 24 7 0 4 13 9 6 3 0 0 0 3 3 0 0 0 4 -1 0 0 0 0 0 0 0 0 0 0 0 0 0 0 0 0 0 0 0 0 0 0 
-1 5 24 25 25 14 7 19 24 12 12 24 7 12 20 22 22 21 12 16 5 -1 23 16 17 11 4 14 11 9 17 38 27 22 22 7 23 27 26 0 10 8 21 18 17 20 16 13 15 11 1 0 4 0 2 0 3 0 12 -1 0 0 0 0 0 0 0 0 0 0 0 0 0 0 0 0 0 0 0 0 0 0 
-1 11 18 32 20 14 2 16 18 24 3 22 9 4 15 39 30 4 11 23 5 -1 30 13 24 26 4 29 17 11 29 32 26 26 25 6 28 39 26 1 6 7 17 20 2 12 25 10 15 3 3 1 2 1 0 0 1 4 0 -1 0 0 0 0 0 0 0 0 0 0 0 0 0 0 0 0 0 0 0 0 0 0 
-1 12 18 33 18 20 1 19 30 17 5 11 11 2 26 26 27 14 26 27 12 -1 23 17 14 28 7 9 13 10 21 12 23 23 19 7 8 17 15 11 19 22 26 18 11 13 27 28 12 1 4 0 0 0 3 0 0 0 9 -1 0 0 0 0 0 0 0 0 0 0 0 0 0 0 0 0 0 0 0 0 0 0 
-1 12 23 21 25 21 2 17 20 14 10 16 19 1 17 18 19 9 14 25 2 -1 30 18 14 26 1 14 22 22 17 9 14 17 18 5 20 21 13 12 9 15 21 10 4 7 10 10 0 0 3 0 0 0 0 0 0 0 0 -1 0 0 0 0 0 0 0 0 0 0 0 0 0 0 0 0 0 0 0 0 0 0 
-1 7 26 26 16 13 4 15 12 14 18 17 17 1 15 17 19 12 12 18 5 -1 17 22 17 18 5 22 18 45 24 10 10 6 17 6 16 15 4 17 9 2 9 3 2 2 0 0 0 0 3 0 0 0 3 0 0 0 3 -1 0 0 0 0 0 0 0 0 0 0 0 0 0 0 0 0 0 0 0 0 0 0 
-1 0 14 29 30 15 7 21 17 15 25 25 7 7 12 17 10 21 14 27 11 -1 39 3 3 14 4 24 17 43 12 14 11 16 17 9 15 15 1 15 14 0 0 4 7 1 0 1 1 0 0 2 2 0 0 1 3 3 6 -1 0 0 0 0 0 0 0 0 0 0 0 0 0 0 0 0 0 0 0 0 0 0 
-1 12 11 32 26 13 7 17 30 10 19 13 12 4 27 9 16 6 10 9 10 -1 8 15 3 9 3 12 13 23 7 15 13 17 20 5 15 20 3 12 5 0 0 2 3 1 0 0 0 0 0 0 0 0 0 0 0 0 2 -1 0 0 0 0 0 0 0 0 0 0 0 0 0 0 0 0 0 0 0 0 0 0 
-1 10 30 28 19 19 2 22 18 18 5 15 12 7 8 5 23 13 25 35 16 -1 33 15 0 19 1 2 13 14 5 14 15 17 17 12 14 11 9 5 2 0 0 0 2 0 0 0 0 0 0 0 0 0 0 0 0 0 2 -1 0 0 0 0 0 0 0 0 0 0 0 0 0 0 0 0 0 0 0 0 0 0 
-1 12 26 23 18 12 7 12 24 8 11 30 17 0 20 11 16 7 11 22 5 -1 11 21 8 7 2 13 19 12 1 5 16 14 13 4 2 5 5 1 0 0 0 0 1 0 0 1 0 0 0 0 0 0 0 0 0 0 1 -1 0 0 0 0 0 0 0 0 0 0 0 0 0 0 0 0 0 0 0 0 0 0 
-1 13 9 22 27 17 5 9 26 17 23 32 11 3 20 23 10 17 28 25 7 -1 31 12 21 7 1 18 8 10 9 17 4 3 3 0 11 2 0 2 0 0 0 1 2 1 0 5 0 1 0 0 0 1 1 0 0 0 2 -1 0 0 0 0 0 0 0 0 0 0 0 0 0 0 0 0 0 0 0 0 0 0 
-1 7 17 18 31 13 7 22 17 13 19 22 16 2 11 18 21 29 15 24 9 -1 29 26 26 14 3 6 31 14 1 2 12 3 9 5 6 1 0 0 0 0 0 1 7 3 1 9 4 0 2 0 1 0 5 0 1 0 16 -1 0 1 0 0 0 0 0 3 0 4 0 0 0 0 0 0 0 0 0 0 0 0 
-1 1 19 17 27 11 5 18 20 4 6 17 13 0 17 27 19 20 22 24 7 -1 24 14 17 12 1 10 5 0 1 1 0 0 7 6 0 0 0 3 1 0 0 1 3 0 0 4 0 0 0 0 0 0 0 0 0 1 3 -1 0 1 0 0 0 1 0 0 0 3 0 0 0 0 0 0 0 0 0 0 0 0 
-1 1 7 16 21 16 4 16 7 3 6 16 35 1 7 6 6 7 13 26 9 -1 19 17 15 12 1 1 1 1 0 0 1 0 2 4 0 0 1 0 0 0 0 1 3 0 1 4 0 0 0 0 0 0 1 0 0 0 2 -1 0 0 0 0 0 1 0 0 0 2 0 0 0 0 0 0 0 0 0 0 0 0 
-1 0 22 25 11 11 3 12 17 9 17 16 20 0 9 26 11 24 26 23 4 -1 26 10 22 13 0 0 0 0 0 0 0 0 0 0 0 0 0 0 0 1 0 1 3 0 0 0 0 0 0 0 0 0 0 0 0 0 0 -1 0 0 0 0 0 0 0 0 0 1 0 0 0 0 0 0 0 0 0 0 0 0 
-1 2 12 6 21 20 5 8 16 9 13 14 12 7 18 3 11 12 8 21 9 -1 14 10 3 25 1 7 0 0 0 0 0 0 1 0 1 0 0 0 0 0 0 1 2 1 1 0 0 1 0 0 0 0 0 0 0 0 4 -1 0 0 0 0 0 0 0 0 0 2 0 0 0 0 0 0 0 0 0 0 0 0 
-1 0 9 7 11 15 10 19 16 2 0 0 4 10 8 16 4 14 23 21 10 -1 12 13 14 23 1 15 2 2 0 3 1 0 0 8 4 2 0 0 2 0 0 0 6 4 0 0 0 0 0 0 0 0 0 0 0 2 7 -1 0 0 0 0 0 0 0 1 2 2 0 0 0 0 0 0 0 0 0 0 0 0 
-1 1 2 5 11 8 9 15 6 0 0 0 0 1 1 0 3 19 12 23 2 -1 20 22 3 9 0 3 0 2 0 1 0 0 1 1 0 0 0 0 0 0 0 0 2 2 0 0 0 1 0 0 0 0 0 0 0 0 1 -1 0 0 0 0 0 0 0 0 0 1 0 0 0 0 0 0 0 0 0 0 0 0 
-1 1 0 0 0 18 2 0 0 0 0 0 0 0 0 8 15 8 11 24 5 -1 23 20 13 4 1 2 0 0 0 2 0 0 0 3 1 0 0 0 0 0 0 1 0 0 0 0 0 0 0 0 0 0 0 0 0 0 1 -1 0 0 0 2 2 2 0 0 0 1 0 0 0 0 0 0 0 0 0 0 0 0 
-1 0 0 0 0 0 1 2 0 0 0 0 0 1 0 1 10 15 24 18 5 -1 16 4 0 1 0 0 0 0 0 0 0 0 0 1 1 0 0 0 0 1 0 0 2 0 0 0 0 1 0 0 0 1 0 0 0 1 2 -1 0 0 0 8 2 1 0 0 0 0 0 0 0 0 0 0 0 0 0 0 0 0 
-1 0 6 0 0 0 4 0 0 0 0 0 0 4 1 0 0 7 15 17 3 -1 14 0 0 2 0 0 1 0 0 0 0 0 0 4 0 1 0 0 0 1 1 0 2 0 0 0 0 0 0 0 1 0 0 0 0 0 1 -1 0 0 0 0 0 3 0 0 0 0 0 0 0 0 0 0 0 0 0 0 0 0 
-1 0 0 0 0 0 4 0 0 0 0 0 0 2 0 1 0 0 2 12 7 -1 21 22 10 8 2 0 0 4 0 2 0 0 0 3 5 2 0 0 0 0 2 0 3 5 1 0 0 2 0 0 0 1 4 0 0 0 9 -1 0 0 0 0 0 0 0 0 0 0 0 0 0 0 0 0 0 0 0 0 0 0 
-1 0 0 0 0 0 0 0 0 0 0 0 0 0 0 0 0 0 0 0 1 -1 0 2 1 3 0 0 0 0 0 0 0 0 0 0 0 0 0 0 0 0 0 2 2 0 0 0 0 0 0 0 0 0 0 0 0 0 2 -1 1 0 0 0 0 0 0 4 8 1 0 0 0 0 0 0 0 0 0 0 0 0 
-1 0 0 0 0 0 1 0 0 0 0 0 0 1 0 2 0 0 0 0 4 -1 0 0 0 0 1 0 0 0 3 1 0 0 6 4 1 0 2 0 0 0 0 0 1 0 0 0 0 0 0 0 0 0 2 0 0 0 2 -1 0 0 1 0 0 0 0 17 25 2 18 0 0 0 0 0 0 0 0 0 0 0 
-1 0 3 0 0 0 0 0 0 0 0 0 0 0 0 0 0 0 0 0 1 -1 1 0 1 0 0 0 2 0 0 0 0 0 3 4 0 1 0 0 0 0 0 0 7 0 0 0 0 0 0 0 0 0 0 0 0 0 2 -1 0 0 0 0 0 0 0 16 26 7 19 12 0 0 0 0 0 0 0 0 0 0 
-1 0 0 0 0 0 0 0 0 0 0 0 0 2 0 0 0 0 0 0 3 -1 14 7 1 4 4 0 1 0 0 0 0 0 2 2 0 0 0 0 0 0 0 0 0 0 0 0 0 0 0 0 0 0 0 0 0 0 0 -1 0 0 0 0 0 0 0 12 18 4 23 19 8 0 0 0 0 0 0 0 0 0 
-1 1 0 0 0 0 0 0 0 0 0 0 0 1 2 0 3 2 0 0 5 -1 21 15 10 0 0 6 0 0 0 8 0 0 1 12 0 0 0 0 0 0 0 4 1 0 0 0 0 0 0 0 0 0 0 0 1 0 4 -1 1 0 0 0 0 0 0 13 13 8 22 13 7 16 0 0 0 0 0 0 0 0 
-1 0 0 0 0 0 0 0 0 0 0 0 0 1 0 1 0 0 0 0 0 -1 8 1 0 0 0 0 0 0 0 0 0 0 0 2 1 0 0 0 0 0 0 0 0 0 0 0 0 0 0 0 0 0 0 0 0 0 0 -1 0 0 0 0 0 0 3 7 16 6 16 19 13 1 0 0 0 0 0 0 0 0 
-1 0 4 0 0 0 0 0 0 0 0 0 0 1 0 0 2 2 0 0 4 -1 1 0 0 0 0 0 0 0 0 0 0 0 1 2 0 0 0 0 0 0 0 0 5 0 0 0 0 0 0 0 0 0 0 0 0 1 2 -1 0 0 0 0 0 0 5 1 9 4 0 6 8 0 0 0 0 0 0 0 0 0 
-1 -1 -1 -1 -1 -1 -1 -1 -1 -1 -1 -1 -1 -1 -1 -1 -1 -1 -1 -1 -1 -1 -1 -1 -1 -1 -1 -1 -1 -1 -1 -1 -1 -1 -1 -1 -1 -1 -1 -1 -1 -1 -1 -1 -1 -1 -1 -1 -1 -1 -1 -1 -1 -1 -1 -1 -1 -1 -1 -1 -1 -1 -1 -1 -1 -1 -1 -1 -1 -1 -1 -1 -1 -1 -1 -1 -1 -1 -1 -1 -1 -1 
-1 0 0 0 0 0 0 0 0 0 0 0 0 0 0 0 6 0 0 0 0 -1 0 2 0 0 0 0 0 0 0 0 0 0 1 5 0 0 0 0 0 0 0 0 0 0 0 0 0 0 0 0 0 0 0 0 0 0 0 -1 0 0 0 0 0 0 5 0 1 0 0 0 0 0 0 0 0 0 0 0 0 0 
-1 0 0 0 0 0 0 0 0 0 0 0 0 0 0 0 0 0 0 0 1 -1 4 1 0 0 0 0 0 0 0 1 0 0 2 9 0 0 1 0 0 0 0 0 0 0 0 0 0 0 0 0 0 0 0 0 8 20 0 -1 2 0 0 0 0 0 9 3 21 1 9 3 0 0 0 0 0 0 0 0 0 0 
-1 0 0 0 0 0 0 0 0 0 0 0 0 0 0 1 0 0 0 0 1 -1 8 4 0 1 0 1 0 0 0 1 0 0 3 11 1 0 0 0 0 0 0 0 1 0 0 0 0 0 0 0 0 0 0 0 2 31 7 -1 3 0 0 0 0 0 9 8 14 3 17 12 10 2 0 0 0 0 0 0 0 0 
-1 0 4 0 0 0 0 0 0 0 0 0 0 0 1 0 0 0 0 0 0 -1 0 0 0 0 0 0 0 0 0 0 0 0 0 7 0 0 0 0 0 0 1 0 0 0 0 0 0 0 0 0 0 0 0 12 28 36 8 -1 0 1 0 0 0 0 17 32 30 3 21 11 0 0 0 0 0 0 0 0 0 0 
-1 0 0 0 0 0 0 0 0 0 0 0 0 0 0 0 0 0 0 0 0 -1 0 0 0 0 0 0 0 0 0 0 0 0 0 4 0 0 0 0 0 0 0 0 0 0 0 0 0 0 0 0 0 0 0 0 0 2 10 -1 5 1 0 0 0 0 0 5 15 5 6 17 13 1 0 0 0 0 0 0 0 0 
-1 1 0 0 0 0 0 0 0 0 0 0 0 2 1 0 0 0 1 0 4 -1 3 0 0 0 0 0 0 0 0 1 0 0 0 7 0 0 2 0 0 0 0 0 0 0 0 0 0 0 0 0 0 0 0 0 0 0 0 -1 9 1 0 0 0 0 0 0 0 0 6 13 5 0 0 0 0 0 0 0 0 0 
-1 2 0 0 0 0 0 0 0 0 0 0 0 3 0 1 0 0 0 0 0 -1 1 0 0 2 0 0 0 0 0 0 0 0 0 1 0 0 0 0 0 0 0 0 4 0 0 0 0 0 0 0 0 0 0 0 0 0 1 -1 4 2 0 0 0 0 0 0 0 0 0 2 0 0 0 0 0 0 0 0 0 0 
-1 0 4 0 0 0 0 0 0 0 0 0 1 2 5 0 0 1 0 0 1 -1 1 0 0 0 0 0 0 0 0 2 0 0 1 10 0 0 0 0 0 0 0 0 4 0 0 0 0 0 0 0 1 0 0 0 1 0 4 -1 5 0 0 0 0 0 0 0 0 0 0 0 0 0 0 0 0 0 0 0 0 0 
-1 5 0 0 0 0 0 0 0 0 0 0 0 2 0 0 0 0 0 0 1 -1 0 0 0 0 0 1 1 0 0 1 0 0 0 2 0 0 0 0 0 0 0 1 3 0 0 0 0 0 0 0 0 0 0 0 0 3 0 -1 2 0 0 0 0 0 0 0 0 0 0 0 0 0 0 0 0 0 0 0 0 0 
-1 0 0 0 0 0 0 0 0 0 0 0 0 7 1 0 0 0 0 0 3 -1 0 0 0 0 0 0 0 0 0 0 0 0 0 4 0 0 2 0 0 0 0 0 2 0 0 0 0 0 0 0 0 0 2 0 0 1 4 -1 3 0 0 0 0 0 0 0 0 0 0 0 0 0 0 0 0 0 0 0 0 0 
-1 0 0 0 0 0 0 0 0 0 0 0 0 2 1 0 0 0 0 0 3 -1 2 0 0 2 0 0 1 0 0 0 0 0 0 2 0 0 0 0 0 0 0 0 4 0 0 0 0 0 0 0 0 0 0 0 0 0 0 -1 1 0 0 0 0 0 0 0 0 0 0 0 0 0 0 0 0 0 0 0 0 0 
-1 1 0 0 0 0 0 0 0 0 0 0 0 1 1 0 0 0 0 0 0 -1 0 0 0 0 0 0 0 0 0 0 0 0 0 0 0 0 0 0 0 0 0 0 0 0 0 0 0 0 0 0 0 0 0 0 4 25 1 -1 3 0 0 0 0 0 0 0 0 0 0 0 0 0 0 0 0 0 0 0 0 0 
-1 0 0 0 0 0 0 0 0 0 0 0 0 5 0 1 0 0 0 0 4 -1 3 0 0 4 0 0 0 0 0 1 0 0 2 3 0 0 0 0 0 0 0 1 8 0 0 0 0 0 0 0 0 0 0 12 17 21 5 -1 1 0 0 0 0 0 0 0 0 0 0 0 0 0 0 0 0 0 0 0 0 0 
-1 0 0 0 0 0 0 0 0 0 0 0 0 1 0 0 0 0 0 0 0 -1 0 0 0 0 0 0 0 0 0 0 0 0 0 0 0 0 0 0 0 0 0 0 1 0 0 0 0 0 0 0 0 0 0 0 14 30 4 -1 0 0 0 0 0 0 0 0 0 0 0 0 0 0 0 0 0 0 0 0 0 0 
-1 0 0 0 0 0 0 0 0 0 0 0 0 3 0 0 0 0 0 0 4 -1 0 0 0 2 0 0 0 0 0 0 0 0 0 2 1 0 0 0 0 0 0 0 2 0 0 0 0 0 0 0 0 0 0 0 0 0 8 -1 0 0 0 0 0 0 0 0 0 0 0 0 0 0 0 0 0 0 0 0 0 0 
-1 -1 -1 -1 -1 -1 -1 -1 -1 -1 -1 -1 -1 -1 -1 -1 -1 -1 -1 -1 -1 -1 -1 -1 -1 -1 -1 -1 -1 -1 -1 -1 -1 -1 -1 -1 -1 -1 -1 -1 -1 -1 -1 -1 -1 -1 -1 -1 -1 -1 -1 -1 -1 -1 -1 -1 -1 -1 -1 -1 -1 -1 -1 -1 -1 -1 -1 -1 -1 -1 -1 -1 -1 -1 -1 -1 -1 -1 -1 -1 -1 -1 
